306934002626
306944617618
306932006894
306937804049
306944770295
306944440030
306934839859
306936142143
306972696896
306938238194
306934014285
306971608447
306938407840
306970234129
306971652686
306940019566
306934501837
306944854527
306937718819
306944615144
306972268185
306934369883
306944704032
306944794984
306944605753
306944373272
306944646777
306937885151
306940567507
306907077004
306944726040
306937211423
306939187584
306906496870
306973226563
306909157804
306970331730
306937921923
306932634745
306940537662
306909196626
306931175358
306934914777
306937422047
306944447457
306932364134
306938866178
306937688143
306940803833
306944507961
306937803948
306972307580
306939911670
306934711646
306934506555
306973302176
306934424673
306940181935
306938971787
306944573849
306972835594
306932370876
306944462260
306934583862
306934167944
306972188625
306940621460
306938838136
306970656378
306934745987
306937234586
306944514101
306934530134
306930886230
306940329668
306939237962
306937537000
306937926550
306973744418
306944900507
306944691270
306937284374
306937331777
306972314941
306937656376
306944835577
306937090866
306938768759
306944752168
306939906283
306944788815
306944624699
306938750278
306944753488
306944868834
306939240494
306944786108
306938522715
306939089816
306944564412
306970712938
306944447764
306944332676
306937090072
306970350303
306944427460
306934043905
306958742889
306973792106
306944723223
306937471122
306944662677
306934848002
306973396580
306932340330
306909208960
306906637617
306970288236
306939769034
306938737020
306937136244
306972968244
306937431763
306944512714
306944461525
306932408134
306938449949
306972003125
306937364824
306972886863
306937291626
306938532781
306972611840
306940738737
306944646924
306973747232
306938774089
306944326631
306937662220
306937160271
306934484848
306938904821
306937119363
306971904332
306944602212
306940690959
306937070623
306937122591
306934312098
306944611410
306908674902
306944426271
306937131366
306970092290
306944594683
306937433192
306944640908
306944340135
306944650368
306944363302
306944718942
306940408743
306938168349
306944356233
306937277566
306973283532
306944817896
306970224010
306944370072
306909155448
306972867587
306944450845
306907769739
306973345615
306938974704
306937110005
306944743766
306970358816
306944635318
306972935971
306973334846
306937222307
306972152527
306944446699
306906143005
306944651164
306938338590
306934135957
306937106334
306944655284
306970684815
306937268857
306970605711
306973391003
306972377018
306934051665
306934508986
306906958872
306938044118
306932024902
306934353829
306932102571
306940641330
306931175133
306938543836
306973291180
306944442634
306944654495
306940683842
306944600229
306937300130
306973751557
306937078873
306970683644
306937424879
306938252898
306944471462
306937267338
306940212855
306944451159
306932926463
306973799580
306940072349
306937173027
306931367347
306944891122
306934043823
306944774847
306944650691
306944759912
306944764540
306944746636
306944585581
306937876916
306940105670
306972784112
306937819560
306934396321
306944397405
306972700220
306944626234
306944738498
306940168080
306934392034
306944572251
306934604710
306938866834
306934425448
306932576376
306937599263
306972623265
306938343273
306940269989
306936149191
306937313623
306938909499
306937017355
306938354429
306937666774
306934279928
306932844519
306944763159
306973704673
306944772729
306931211233
306972850328
306934165419
306973869085
306908654225
306940629465
306932351858
306972944267
306973508966
306938074553
306944525107
306937141307
306934926978
306944441434
306944634123
306937945304
306944845246
306970398775
306944568702
306944532266
306972687768
306937445370
306970619764
306944690868
306934655160
306932658462
306944456418
306934551634
306944381091
306944444130
306944355859
306937093658
306934016803
306937269528
306940364665
306944564291
306937196345
306944588939
306972189460
306934269644
306937683421
306940587174
306944348657
306934505686
306944642127
306938551224
306939037959
306972891775
306973734961
306937814669
306944398183
306944533409
306958458326
306937358383
306934949494
306937312493
306944445981
306944343169
306970369948
306937394944
306971657605
306940332708
306937088068
306932553300
306944605457
306931789931
306937336655
306944561079
306940552950
306940125389
306932300820
306944503828
306937212448
306940167635
306932709060
306940049579
306944522560
306940515610
306931245731
306937797883
306944503603
306934658002
306944712684
306932706953
306971964751
306939862663
306936120289
306944632242
306939076722
306944538226
306972262889
306908803978
306937276340
306937212614
306970371599
306937431901
306937103160
306944330977
306940105647
306934383466
306938638721
306909763447
306972658214
306934141441
306944467034
306944675521
306971640924
306907765330
306937299950
306944628631
306970267301
306937023107
306972923008
306971918417
306937912735
306938594353
306972521069
306970253856
306937422374
306973751780
306944718720
306934529100
306936146081
306944636157
306934014789
306937530122
306937426028
306940636140
306937251423
306944794578
306937706578
306944905978
306937351059
306930487748
306939072367
306937310151
306937174566
306936115222
306932775592
306932369842
306934876348
306944333611
306909391100
306931389331
306937039823
306934328227
306944516808
306970070560
306934199170
306971683556
306936008579
306937028685
306937377867
306944551182
306944553773
306944895927
306944349679
306944837896
306938538928
306940674849
306944633646
306934850887
306934119253
306944683600
306972430944
306937700925
306937608603
306934079771
306934400551
306944760014
306944624407
306937423925
306909174348
306937862145
306931947132
306937580507
306931580485
306973010243
306938739852
306937233673
306970052275
306937446620
306940404684
306906998083
306936122478
306938980268
306937124075
306940787131
306944577336
306972928887
306937270693
306934533729
306939877570
306937188084
306972638214
306944504721
306940057866
306940786070
306931235545
306934013185
306938529623
306940271172
306938555313
306931594208
306944696390
306940084591
306972182317
306973500432
306944789627
306909383868
306944831409
306944375300
306944725876
306937234001
306937204403
306944319555
306973745366
306934176265
306934538888
306944653121
306934316681
306944673453
306938664492
306944447869
306944773280
306939115111
306934841525
306932478819
306932880958
306972852552
306930149944
306934259521
306944363670
306937511350
306944424021
306971910071
306931836688
306932910570
306932334548
306940454845
306934826885
306934579039
306937321342
306937954574
306972327580
306931546874
306972787835
306940790154
306944428220
306938411243
306937454851
306944390240
306934571260
306971671205
306944559400
306937141675
306931736293
306932666761
306944740014
306944771557
306972345507
306973706077
306944539951
306972698914
306937425256
306938666855
306944860188
306944595183
306944375226
306937107621
306939848614
306944827564
306938924539
306944804268
306932725971
306934471691
306944397093
306944797620
306944389524
306934636175
306944755221
306934032302
306937228946
306944620260
306937952065
306944887224
306934389411
306931451614
306944710970
306944541935
306944447088
306970929064
306944732334
306944836473
306944512819
306971817831
306940388803
306944415444
306944769862
306937872979
306934682258
306940680602
306940788203
306907364702
306937151351
306970981046
306938379535
306937377983
306937039111
306940513755
306944850293
306973751806
306944575636
306973861421
306931192718
306972657792
306934290924
306940740379
306944513911
306944394162
306940120290
306944745510
306937226920
306944389778
306944476301
306944342706
306944554597
306909379300
306937723570
306937213755
306944672965
306940266120
306931379548
306937023660
306970296916
306940526780
306940572318
306940421716
306937065338
306938226166
306944667863
306937708368
306944842275
306971624116
306906477013
306931180316
306938317312
306944637480
306934551164
306934858054
306944642223
306937383189
306937519736
306944611218
306937623838
306944352767
306937292633
306944464564
306932977117
306944733060
306938976011
306938354869
306973596385
306937251193
306940279432
306938305577
306971979561
306932951285
306934170781
306932345384
306937934647
306972085606
306944451223
306937874598
306972166691
306973026400
306944528702
306937235887
306937467490
306936101853
306938133421
306944537259
306970348882
306972055455
306937519182
306938875350
306937131883
306938113985
306972100084
306944647264
306971618045
306934001154
306972669303
306932399651
306940758108
306944569752
306970263566
306944501671
306944343639
306940507153
306944783708
306944727136
306937199077
306940640994
306944365613
306937532758
306934135960
306940404902
306944677746
306938648740
306934542159
306932087674
306937242584
306938406672
306934543610
306932630672
306944446734
306940510148
306970016768
306937473600
306934711935
306906846006
306971682420
306944700800
306973231294
306970836526
306944620530
306944727618
306937283261
306937501816
306971563629
306972114573
306940338182
306907610410
306937261629
306934978300
306970213688
306944451751
306944537348
306973433042
306972452211
306931406121
306937787003
306944542321
306906889474
306932136218
306944760132
306944364269
306939906966
306944600861
306944865788
306934145583
306932658544
306937478093
306937210777
306944557336
306939236641
306973301977
306944454854
306944465981
306939240456
306937201998
306940536536
306940154767
306936060343
306944802965
306944553132
306944368475
306908632238
306938799139
306944645644
306936138377
306972696532
306944670653
306940476236
306906095070
306944724582
306932319750
306944653575
306944386730
306944385421
306934708810
306906462004
306937618911
306938733728
306940126561
306938524100
306971918938
306972810702
306937243516
306972698204
306970237788
306944744755
306934093890
306934039480
306973050243
306932712322
306937797732
306938743433
306931174376
306936142735
306944466703
306931153897
306934503748
306944830377
306972198762
306944414262
306934111165
306938345949
306937067116
306940577800
306938476884
306937362839
306970507026
306934825291
306944906203
306944562321
306972174048
306937844222
306971671323
306944640632
306944388988
306906175030
306958471193
306930653984
306944860780
306944500881
306938870408
306972698149
306932381798
306934421908
306938114588
306944865142
306934054247
306937787034
306944645457
306937315573
306936141381
306944380003
306934790156
306971636744
306907289842
306944328998
306937476572
306944365624
306937568730
306944464442
306973047796
306937030240
306972632944
306938510365
306934144993
306973762182
306971678072
306938395347
306937118333
306938147900
306931198973
306940728078
306934340000
306944397701
306944455562
306932190037
306938148004
306936119409
306944715199
306940500425
306971698173
306940003428
306940778176
306937959164
306932111710
306934654564
306971712448
306940547712
306937438362
306932444452
306944364907
306937159515
306934545418
306936031345
306971564653
306934524062
306944646784
306944651850
306934547727
306938030813
306909082413
306944532251
306934615157
306937098854
306937638132
306940511077
306944618233
306944547395
306944510586
