+306906496870
+306907077004
+306909157804
+306909196626
+306931175358
+306932006894
+306932634745
+306934002626
+306934014285
+306934369883
+306934501837
+306934839859
+306934914777
+306936142143
+306937211423
+306937718819
+306937804049
+306937885151
+306937921923
+306938238194
+306938407840
+306939187584
+306940019566
+306940537662
+306940567507
+306944373272
+306944440030
+306944605753
+306944615144
+306944617618
+306944646777
+306944704032
+306944726040
+306944770295
+306944794984
+306944854527
+306970234129
+306970331730
+306971608447
+306971652686
+306972268185
+306972696896
+306973226563