+306934002626
+306944617618
+306932006894
+306937804049
+306944770295
+306944440030
+306934839859
+306936142143
+306972696896
+306938238194
+306934014285
+306971608447
+306938407840
+306970234129
+306971652686
+306940019566
+306934501837
+306944854527
+306937718819
+306944615144
+306972268185
+306934369883
+306944704032
+306944794984
+306944605753
+306944373272
+306944646777
+306937885151
+306940567507
+306907077004
+306944726040
+306937211423
+306939187584
+306906496870
+306973226563
+306909157804
+306970331730
+306937921923
+306932634745
+306940537662
+306909196626
+306931175358
+306934914777